dataset shape file: Dataset {
  geoTransform: null,
  srs: null,
  root: null,
  threadSafe: false,
  driver: Driver { description: 'ESRI Shapefile' },
  rasterSize: null,
  layers: DatasetLayers {},
  bands: DatasetBands {},
  description: './data/Surface Water Creeks.shp'
}
dataset shape file in json string is: {"geoTransform":null,"srs":null,"root":null,"threadSafe":false,"driver":{"description":"ESRI Shapefile"},"rasterSize":null,"layers":{},"bands":{},"description":"./data/Surface Water Creeks.shp"}
layer: Layer {
  fidColumn: '',
  geomColumn: '',
  geomType: 3002,
  name: 'Surface Water Creeks',
  fields: LayerFields {},
  features: LayerFeatures {},
  srs: SpatialReference {}
}
Field: LAYER, Type: string
Field: STREAM_ID, Type: real
Field: IN_FLOW, Type: real
Field: OUT_FLOW, Type: real
Field: DRAIN_AREA, Type: string
Field: STRAHLER, Type: real
Field: Id, Type: real
Field: ZElevation, Type: real
layername: 3D Measured Line String
element: Stream
element: 1
element: 24834
element: 62981
element: 0.063 sq km
element: 1
element: 0
element: 362.220011393229
Feature 0: (LINESTRING (500309.499999995 501779.499909585 362.220011393229,500306.599999995 501782.499909585 362.186004638672,500304.999999995 501785.499909585 361.990000406901,500302.049999995 501789.499909587 362.042999267578,500300.999999995 501793.499909585 361.980662027995,500297.999999995 501798.499909585 361.797332763672,500297.699999995 501799.499909583 361.719329833985,500297.649999995 501801.499909585 361.609670003256,500298.799999995 501805.499909585 361.407338460287,500298.999999995 501808.499909583 361.385660807292,500298.849999995 501809.499909583 361.391326904297,500298.449999995 501810.499909583 361.356994628907,500297.149999995 501813.499909585 361.246663411459,500296.099999995 501815.299909584 361.148996988933,500295.349999995 501815.999909583 361.148996988933,500291.499999995 501817.899909584 361.030334472657,500289.549999995 501819.549909586 361.012990315756,500288.049999995 501821.499909585 360.943328857422,500287.099999995 501824.499909582 360.855662027995,500286.099999995 501826.499909583 360.808664957683,500285.349999995 501827.499909583 360.789001464844,500283.499999995 501829.299909586 360.71533203125,500282.499999995 501829.949909585 360.656331380209,500279.499999995 501831.049909584 360.571329752604,500275.499999996 501833.649909584 360.506663004558,500271.699999995 501835.049909584 360.39633178711,500271.049999996 501835.699909585 360.39633178711,500270.699999996 501836.549909584 360.39599609375,500270.299999996 501838.499909583 360.341003417969,500269.949999996 501839.449909585 360.341003417969,500269.299999996 501840.299909582 360.341003417969,500268.449999996 501840.999909583 360.31000773112,500266.549999996 501841.999909585 360.252675374349,500265.749999996 501842.699909585 360.232330322266,500265.249999996 501843.549909586 360.232330322266,500265.249999996 501844.449909583 360.204996744792,500265.749999996 501845.349909585 360.177663167318,500268.299999996 501847.649909584 360.047668457032,500268.949999996 501848.549909584 360.047668457032,500269.249999996 501849.499909583 359.96767171224,500269.249999996 501850.499909585 359.960998535157,500268.999999996 501851.499909585 359.960998535157,500267.999999996 501853.499909583 360.028330485026,500267.099999996 501856.499909585 359.980997721354,500265.899999996 501859.499909585 359.914326985677,500265.299999996 501863.499909585 359.810333251953,500264.949999996 501864.499909585 359.782999674479,500263.449999996 501866.499909583 359.740000406901,500260.649999996 501869.499909583 359.627003987631,500259.949999996 501870.499909583 359.627003987631,500259.499999996 501871.499909585 359.603668212891,500259.299999996 501872.499909583 359.592661539714,500259.449999996 501873.499909583 359.592661539714,500260.349999996 501876.499909583 359.529327392578,500260.499999996 501878.499909583 359.445994059245,500260.449999996 501882.499909583 359.269673665365,500260.299999996 501883.499909585 359.211008707683,500259.949999996 501884.449909581 359.184672037761,500259.299999996 501885.349909581 359.125671386719,500258.449999996 501886.049909584 359.107004801433,500254.499999996 501887.799909584 359.142344156901,500252.549999996 501889.499909582 359.118998209636,500248.599999996 501894.499909582 358.984995524089,500246.099999996 501898.499909582 358.869333902995,500243.699999996 501901.499909582 358.799997965495,500242.999999996 501902.499909582 358.761322021485,500241.999999996 501904.449909585 358.709655761719,500241.299999996 501905.299909582 358.657989501953,500240.449999996 501905.999909585 358.604990641276,500238.499999996 501906.999909583 358.579335530599,500237.499999996 501907.699909583 358.561004638672,500235.749999996 501909.499909582 358.546997070313,500235.199999996 501910.499909582 358.53266398112,500235.099999996 501911.499909583 358.510660807292,500236.349999996 501915.499909585 358.410664876302,500236.499999996 501917.499909583 358.397328694662,500236.299999996 501919.499909583 358.392995198568,500235.199999996 501922.49990958 358.377665201823,500235.249999996 501923.449909583 358.344340006511,500235.749999996 501924.349909583 358.299001057943,500237.249999996 501925.849909581 358.287679036459,500237.749999996 501926.649909584 358.263346354167,500237.749999996 501927.54990958 358.216339111328,500236.049999996 501930.499909582 358.178334554037,500234.999999996 501933.499909582 358.142333984375,500234.049999996 501935.499909583 358.094004313151,500233.899999996 501936.499909582 358.014668782552,500234.049999996 501937.499909583 358.014668782552,500235.049999996 501939.499909583 357.934661865235,500235.799999996 501941.499909582 357.933664957683,500236.099999996 501942.499909583 357.921661376953,500236.149999996 501943.499909583 357.877990722657,500235.899999996 501944.499909583 357.807332356771,500235.299999996 501945.499909583 357.807332356771,500234.449999996 501946.499909582 357.777333577474,500231.499999996 501949.349909581 357.712992350261,500229.499999996 501950.849909581 357.688669840495,500227.699999996 501952.549909584 357.710337320964,500227.049999996 501953.499909582 357.716990152995,500225.999999996 501956.499909582 357.674336751302,500224.649999996 501959.499909582 357.594340006511,500223.649999996 501963.499909582 357.46533203125,500223.499999996 501968.499909582 357.279327392578,500223.349999996 501970.499909583 357.235005696615,500221.999999996 501976.499909583 357.193339029948,500221.999999996 501977.499909582 357.179667154948,500222.649999996 501982.499909583 357.141672770183,500223.299999996 501985.49990958 357.117991129558,500223.149999996 501987.499909585 357.063659667969,500222.099999996 501992.499909582 356.934997558594,500221.149999996 501994.499909582 356.834665934245,500218.999999996 501998.299909584 356.830332438151,500218.299999996 501998.949909581 356.830332438151,500217.449999996 501999.29990958 356.830332438151,500216.499999997 501999.449909581 356.817667643229,500207.499999997 501999.499909582 356.70600382487))
element: Stream
element: 2
element: 115514
element: 118703
element: 0.1187 sq km
element: 2
element: 1
element: 361.383666992188
Feature 1: (LINESTRING (500357.499999994 501851.499909585 361.383666992188,500350.549999994 501858.499909585 361.122009277344,500349.049999994 501860.499909583 361.097340901693,500347.149999994 501865.499909583 361.04433186849,500347.049999994 501866.499909583 361.014668782552,500347.949999994 501870.449909583 360.968994140625,500347.799999994 501871.299909586 360.939331054688,500347.249999994 501871.999909585 360.939331054688,500346.449999994 501872.449909581 360.935658772787,500344.499999994 501873.149909584 360.926005045573,500338.499999995 501874.649909582 360.717000325521,500337.549999995 501875.049909586 360.670328776042,500336.699999994 501875.699909583 360.62299601237,500336.049999994 501876.549909586 360.62299601237,500334.949999995 501879.499909582 360.558664957683,500334.299999995 501880.449909583 360.506337483724,500333.449999995 501881.349909581 360.444000244141,500329.549999995 501884.549909582 360.284993489584,500328.699999995 501885.499909582 360.204661051433,500326.999999995 501888.349909581 360.134999593099,500326.299999995 501889.149909582 360.092000325521,500319.499999995 501894.649909582 360.052663167318,500317.499999995 501896.499909585 359.973999023438,500314.649999995 501899.499909582 359.781667073568,500313.849999995 501900.499909583 359.781667073568,500311.949999995 501903.499909582 359.586659749349,500310.449999995 501906.499909585 359.457326253256,500309.149999995 501908.29990958 359.426666259766,500308.349999995 501908.999909583 359.370666503907,500306.649999995 501909.999909585 359.332000732422,500304.349999995 501912.149909584 359.269999186198,500301.499999995 501914.049909584 359.154337565104,500298.499999995 501915.099909583 359.088338216146,500297.499999995 501915.199909583 359.050669352214,500294.499999995 501914.849909581 358.998006184896,500293.549999995 501915.099909583 358.997670491537,500292.699999995 501915.699909583 358.984334309896,500291.999999995 501916.549909582 358.991994222006,500291.049999995 501918.499909583 358.984659830729,500289.149999995 501921.349909583 358.943664550782,500286.699999995 501923.649909582 358.82899983724,500286.049999995 501924.549909584 358.793996175131,500285.699999995 501925.499909585 358.793996175131,500285.549999995 501926.499909583 358.814331054688,500285.349999995 501930.499909583 358.681335449219,500285.099999995 501931.499909583 358.681335449219,500284.249999995 501933.499909583 358.591990152995,500283.099999995 501935.499909583 358.565999348959,500279.899999995 501939.499909583 358.422322591146,500276.999999996 501944.499909582 358.350992838542,500275.999999996 501949.499909582 358.305002848308,500276.199999995 501952.499909583 358.205332438151,500276.049999995 501953.499909582 358.141662597657,500275.099999995 501955.499909582 358.024658203125,500274.349999995 501956.499909583 358.024658203125,500270.649999996 501960.499909582 358.042999267578,500268.349999996 501963.349909581 357.906656901042,500265.499999996 501965.64990958 357.927327473959,500260.499999996 501970.449909583 357.848673502604,500256.499999996 501973.64990958 357.707997639974,500254.649999996 501975.49990958 357.659657796224,500253.349999996 501977.499909583 357.626993815104,500251.949999996 501981.449909581 357.441996256511,500251.299999996 501982.349909581 357.391337076823,500248.699999996 501984.64990958 357.35199991862,500247.999999996 501985.549909582 357.324005126953,500246.999999996 501987.349909579 357.305674235026,500246.299999996 501988.14990958 357.262674967448,500240.499999996 501993.14990958 357.015655517578,500238.649999996 501994.649909582 356.896006266276,500237.899999996 501995.54990958 356.896006266276,500236.699999996 501997.49990958 356.853342692058,500236.299999996 501998.499909578 356.853342692058,500235.499999996 501999.499909583 356.853342692058))